1860053917985571058
1890463108403225030
1894500238813196430
1896579645920927971
1896999581604548631
1896999586298003944
1897002155674099917
1897348414612103517
1897736873872965678
1898135832697225623
1899505554390945856
1905467414969810975
1907547591417671815
1908173160182374866
1909263551505768511
1910019607051788352
1912576306174402948
1917676562847236456
1918040371856359441
1921342765205795325
1921692708755890571
1922025951258673624
1922395689990160491
1923084891010498650
1923085047034212714
1924906402713370833
1925708953817690586
1936593533953282233
1937237618514944029
1939859539823931882
1942047161501499715
1947797134109249675
1948027793012560040
1951447995855282622
1954915649656168698
1954928932358406611
1954959234355155344
1955362636096516440
1955365650358210779
1955647922592469432
1956084353408360607
1956086767318368523
1956340741472710865
1956362470840541408
1956398229882568709
1956430234783465971
1956522917707305346
1956528077753971095
1956528203545382935
1957843585237430413
1957971042846257493
1958333303448363403
1958892063707262987
1958903831091454362
1958939825845018914
1958940093772956150
1958940352406331890
1958941889203511316
1958943252918542582
1958949234209943961
1958949299146170742
1958987578117693454
1958996244615110974
1958998680893366434
1960006532223160784
1960425555012235666
1963240636183986322
1963330249657389523
1963433969372074072
1963723210144510231
1963745497203818914
1963746157844439305
1963942755421622622
1963955070493659362
1963955225196474865
1963956027096707397
1963969115837899023
1964041629985378701
1964041872311275825
1964119516423893295
1965824668088283437
1965864406253969543
1965878221431623969
1965881306354729320
1965891207604969971
1966230528232927635
1966232218461979079
1966517515628212227
1966517686768414853
1966526519360274854
1966536937399005537
1966559465228103782
1967597011685015698
1967605426952011895
1967628105931203011
1967653636789637426
1967949110696386984
1967996520273416254
1967998410944024815
1968011194876432626
1968022717279638002
1968117967734128655
1968337756008112134
1968391589233107381
1968391730442768825
1968395154102063165
1968442931519570028
1968681517200326776
1968844081695703154
1968858150687359479
1969088468442890627
1969098970770391415
1969099074055127070
1969107867925188958
1969125203973386421
1969127881977839641
1969127909215650100
1969182510400889299
1969443118513865150
1970156346214600963
1970156628885561644
1970209559932448995
1970537211285418468
1970547009699618844
1970594147812946340
1970607078575362334
1970678572714184810
1970923575545934275
1970945280846790882
1970949314596962748
1971042882728702016
1971213177120752022
1971213355978465318
1971213499314602166
1971233092154294531
1971311880699511229
1971314175264870478
1971346904018743631
1971351773626658951
1971355179460309330
1971355364986912832
1971424640938729877
1971644724059820438
1971647389510652053
1973027250732937492
1973116716680143238
1973478373524643883
1973849894843761148
1973852618851299685
1974114899623395520
1974115213785116810
1974188000923025769
1974199077069046219
1974244640846196995
1974279853798273519
1974283578113741284
1975195194564976851
1975268894026965276
1975299142944694605
1975600056385610124
1975746273526620537
1976007849773068735
1976061039059054661
1976405994579324965
1976452790353596894
1976477384405811601
1976663586396397994
1976723578709327911
1976760653684916573
1976761492998701533
1976769212011233771
1976769510968607194
1977414981072330867
1977485096019169407
1977494679567704177
1977569280758886716
1977784023348031681
1977903257826869500
1977903321898942726
1977903382963880179
1977903453168161156
1977903676200309062
1977903782093902035
1978093446171955653
1978133413254353039
1978133437333803126
1978133574886031634
1978138037159866670
1978140477846389075
1978140948917059667
1978158929369837801
1978162823705526440
1978166984195149980
1978172293399667158
1978596161469792263
1978611936897200508
1978826497403359731
1978831766346670449
1978866481690742936
1978869239168790558
1978871063573565763
1978871552734302627
1978871658443411573
1978876275159978186
1978883736138846383
1978894867863675093
1978921578676261314
1978924822882324637
1979005096173408627
1979007122114580904
1979234007314501986
1979244908449010000
1979245094692917272
1980419354748715210
1980678435321311525
1980678551621054498
1980730006423970251
1980740325653246046
1980776749018612114
1981088939055382568
1981094319743520795
1981120089501110561
1981152861938651612
1981163896317866241
1981163997186699620
1981372401368911936
1981377372512539035
1981387939495190603
1981407361022714142
1981413813376471082
1981418773308723571
1981434238873600409
1981435754934141311
1981450975203512663
1981451097027092564
1981453083399115104
1981915322392420664
1981915939101954205
1981929698923094085
1981932483689247225
1981932743090164188
1982186492203282708
1982253120420983191
1982824885463478740
1982879275767513216
1983181919291592832
1983183462191575549
1983348191463649489
1983348529214243172
1983350465464357330
1983350498288906644
1983350960421544305
1983351038896943222
1983351412773007493
1983351597527904525
1983352189759435128
1983352612146778201
1983352690949402791
1983591990542659769
1983675374342172971
1983684969924063579
1983713982801473757
1983717464962953386
1983717612736672193
1983717638162542839
1983719016498917804
1983719323329069185
1983719451938976109
1983719736799375486
1983720079260053941
1983744426087477406
1983744720808583372
1983747356085588302
1983753778731118688
1983754639561650236
1983755008370995524
1983755212985921630
1983755291767566668
1983755401779896797
1983755666570539112
1983755979436257455
1983756013321982126
1983756101649875420
1983756259611590908
1983757494938996752
1983758304506736699
1983904408967770550
1983987610201813314
1983987946308169798
1983988112834621606
1983989862148821066
1983993560178553115
1983994264418972059
1983994911772004684
1983995198742097933
1983995442603159845
1983996399227376009
1984009084472062353
1984012644215615612
1984030011863761305
1984049358430736722
1984056387320869122
1984262527442899184
1985362901411172614
1985479331809018300
1985739126671622637
1985740690345902550
1985752962350924190
1985890590912057753
1986107046274773406
1986109829677817906
1986149233209319934
1986149326905844133
1986150939900977187
1986157453671846277
1986163354495557939
1986169522118926351
1986176772711588100
1986178670235709898
1986182499383628023
1986192297961337221
1986222958080352609
1986880358558904440
1986883438826430854
1986885981602258984
1986887559054827993
1986896388287021111
1986900480069640534
1986900936632221791
1986905435383959781
1986912375199744336
1993090825979605098
1993866459014156629
1996763869751165262
1997095465138131065
2002491589231526322
2009384188764700872
2009448904899875271
2015827133558620347
2017014409659609323
2017052052514545795
2019516769065656358
2019531592226705436
2024891709105340733
2026362578663051727
2026490137979584554
2027648673371590881
2029998999768551636
2031764806114717858
2034790259901571510
2036998324906307895
2038629784838889799
2038633462320828826
2038666533644464380
2038667566030471203
2038671825912365114
2038672958160523643
2038676391366148366
2038683379030450357
2038686641808982525
2038700592269586700
2038729773292401115
2039099072238571528
2040147554084774043
2041883784015180081
2042336065516945757
2049191105372311816
2053935786643566807
